performance_training = [0.72688172043010746,0.69999999999999984,0.68189964157706096,0.6538231780167264,0.6372759856630823,0.60370370370370363]
performance_test = [0.7088888888888889,0.69125000000000014,0.67458333333333331,0.64902777777777776,0.63041666666666663,0.6012000000000006]